98683
98252
98251
98258
99362
98270
98288
98290
98296
98321
98126
98584
98136
98134
98133
98144
98148
98146
98158
98154
98155
98166
98164
98168
98178
98177
98188
98198
98195
98199
98204
98208
98224
98225
98070
98406
98072
98405
98068
98065
98059
98058
98396
98394
98055
98057
98056
98050
98051
98052
98053
98045
98047
98422
98039
98040
98042
98038
98125
98122
98121
98119
98118
98117
98116
98115
98112
98109
98108
98106
98107
98104
98105
98102
98103
98101
98092
98083
98077
98074
98499
98075
98333
98337
98922
98349
98354
98030
98029
98028
98027
98034
98371
98033
98372
98032
98373
98031
98022
98021
98020
98019
98025
98024
98023
98010
98011
98008
98014
98012
98002
98003
98001
98006
98007
98004
98005